INFO:root:learn W1=[[ 1.6045344  -0.98090558 -0.6668485  -1.09277959  0.39894591]
 [-2.25329284  2.11662322 -0.4234859   0.36728495  0.71960721]
 [ 1.45953761 -2.1152468  -0.34040948 -0.38662468  1.00302794]
 [-1.15243548 -0.57492517 -1.2456679  -0.01033047 -0.18288586]
 [-1.10468726  1.15951939  0.87311415  0.49842626  0.93937399]
 [-0.62090378  0.51890041 -0.49600091 -0.20506401  1.65995431]
 [-0.70058974 -0.5663     -0.74967564 -0.85413463 -0.96437781]] w2=[[-0.6398659  -1.5340988  -0.22095863  1.14831401  0.09765544 -0.57028011
  -1.39113467]
 [-1.3427177   1.83910986 -0.39918332 -1.45258405  0.45312564  2.25160928
  -1.18888768]] B1=[[ 1.15801006]
 [-0.08752196]
 [ 0.24593664]
 [ 0.68002835]
 [ 0.25085593]
 [-0.18166641]
 [ 1.12464064]] B2=[[-0.51809454]
 [-0.03203951]] 
INFO:root:after sers_d file W1=[[ 1.6045344  -0.98090558 -0.6668485  -1.09277959  0.39894591]
 [-2.25329284  2.11662322 -0.4234859   0.36728495  0.71960721]
 [ 1.45953761 -2.1152468  -0.34040948 -0.38662468  1.00302794]
 [-1.15243548 -0.57492517 -1.2456679  -0.01033047 -0.18288586]
 [-1.10468726  1.15951939  0.87311415  0.49842626  0.93937399]
 [-0.62090378  0.51890041 -0.49600091 -0.20506401  1.65995431]
 [-0.70058974 -0.5663     -0.74967564 -0.85413463 -0.96437781]] w2=[[-0.6398659  -1.5340988  -0.22095863  1.14831401  0.09765544 -0.57028011
  -1.39113467]
 [-1.3427177   1.83910986 -0.39918332 -1.45258405  0.45312564  2.25160928
  -1.18888768]] B1=[[ 1.15801006]
 [-0.08752196]
 [ 0.24593664]
 [ 0.68002835]
 [ 0.25085593]
 [-0.18166641]
 [ 1.12464064]] B2=[[-0.51809454]
 [-0.03203951]] 
